Rk,Player,Debut,Age,Yrs,G,MP,FG,FGA,3P,3PA,FT,FTA,ORB,TRB,AST,STL,BLK,TOV,PF,PTS,FG%,3P%,FT%,MP,PTS,TRB,AST,-9999
1,Jaylen Adams,Oct 17 '18 ATL @ NYK,22,2,41,446,39,118,25,76,7,9,11,63,67,14,5,28,46,110,.331,.329,.778,10.9,2.7,1.5,1.6,adamsja01
2,Deng Adel,Jan 19 '19 CLE @ DEN,21,1,19,194,11,36,6,23,4,4,3,19,5,1,4,6,13,32,.306,.261,1.000,10.2,1.7,1.0,0.3,adelde01
3,DeVaughn Akoon-Purcell,Oct 23 '18 DEN vs. SAC,25,1,7,22,3,10,0,4,1,2,1,4,6,2,0,2,4,7,.300,.000,.500,3.1,1.0,0.6,0.9,akoonde01
4,Rawle Alkins,Dec 17 '18 CHI @ OKC,21,1,10,120,13,39,3,12,8,12,11,26,13,1,0,8,7,37,.333,.250,.667,12.0,3.7,2.6,1.3,alkinra01
5,Grayson Allen,Oct 22 '18 UTA vs. MEM,23,5,264,6170,857,1969,501,1269,341,396,123,727,448,170,48,229,384,2556,.435,.395,.861,23.4,9.7,2.8,1.7,allengr01
6,Kostas Antetokounmpo,Mar 20 '19 DAL @ POR,21,3,22,87,6,16,0,0,9,19,6,23,3,4,4,13,10,21,.375,,.474,4.0,1.0,1.0,0.1,antetko01
7,Deandre Ayton,Oct 17 '18 PHO vs. DAL,20,5,303,9282,2213,3709,21,80,599,793,919,3152,495,205,299,520,854,5046,.597,.263,.755,30.6,16.7,10.4,1.6,aytonde01
8,Marvin Bagley III,Oct 17 '18 SAC vs. UTA,19,5,208,5149,1108,2191,113,389,431,636,496,1493,187,101,140,260,437,2760,.506,.290,.678,24.8,13.3,7.2,0.9,baglema01
9,Mo Bamba,Oct 17 '18 ORL vs. MIA,20,5,275,4962,804,1688,251,700,211,310,446,1597,247,101,369,228,592,2070,.476,.359,.681,18.0,7.5,5.8,0.9,bambamo01
10,Keita Bates-Diop,Oct 26 '18 MIN vs. MIL,23,5,230,3900,562,1171,125,369,251,335,177,738,203,121,77,139,207,1500,.480,.339,.749,17.0,6.5,3.2,0.9,bateske01
11,Dairis Bertāns,Mar 10 '19 NOP @ ATL,29,1,12,167,12,47,10,34,0,0,2,9,10,1,0,2,7,34,.255,.294,,13.9,2.8,0.8,0.8,bertada02
12,Jaron Blossomgame,Dec 5 '18 CLE vs. GSW,25,1,27,439,47,106,10,39,10,13,26,98,13,7,8,11,20,114,.443,.256,.769,16.3,4.2,3.6,0.5,blossja01
13,Jonah Bolden,Oct 16 '18 PHI @ BOS,23,2,51,686,84,173,34,100,15,31,50,174,40,20,41,38,109,217,.486,.340,.484,13.5,4.3,3.4,0.8,boldejo01
14,Isaac Bonga,Dec 7 '18 LAL @ SAS,19,4,143,1871,156,361,39,130,88,116,102,320,118,73,37,88,238,439,.432,.300,.759,13.1,3.1,2.2,0.8,bongais01
15,Mikal Bridges,Oct 17 '18 PHO vs. DAL,22,5,392,12624,1903,3841,593,1576,755,881,351,1576,912,494,244,395,789,5154,.495,.376,.857,32.2,13.1,4.0,2.3,bridgmi01
16,Miles Bridges,Oct 17 '18 CHO vs. MIL,20,4,291,8460,1465,3100,434,1255,529,654,326,1641,656,213,216,401,579,3893,.473,.346,.809,29.1,13.4,5.6,2.3,bridgmi02
17,Isaiah Briscoe,Oct 19 '18 ORL vs. CHO,22,1,39,559,55,138,11,34,15,26,5,74,87,11,2,31,66,136,.399,.324,.577,14.3,3.5,1.9,2.2,briscis01
18,Ryan Broekhoff,Oct 17 '18 DAL @ PHO,28,2,59,633,79,185,58,144,22,27,13,106,33,11,8,22,50,238,.427,.403,.815,10.7,4.0,1.8,0.6,broekry01
19,Bruce Brown,Oct 17 '18 DET vs. BRK,22,5,349,8588,1172,2431,203,596,432,577,383,1481,841,325,196,379,851,2979,.482,.341,.749,24.6,8.5,4.2,2.4,brownbr01
20,Troy Brown Jr.,Oct 24 '18 WAS @ GSW,19,5,297,5951,740,1723,259,732,210,272,232,1144,448,211,39,205,419,1949,.429,.354,.772,20.0,6.6,3.9,1.5,browntr01
21,Jalen Brunson,Oct 17 '18 DAL @ PHO,22,5,345,9213,1866,3783,415,1075,772,951,157,1084,1455,221,27,500,613,4919,.493,.386,.812,26.7,14.3,3.1,4.2,brunsja01
22,Deonte Burton,Oct 19 '18 OKC @ LAC,25,3,73,602,76,209,18,81,16,26,11,85,26,13,18,28,65,186,.364,.222,.615,8.2,2.5,1.2,0.4,burtode02
23,Jevon Carter,Dec 15 '18 MEM vs. HOU,23,5,304,4954,588,1469,360,906,99,122,109,588,517,192,80,193,422,1635,.400,.397,.811,16.3,5.4,1.9,1.7,carteje01
24,Wendell Carter Jr.,Oct 18 '18 CHI @ PHI,19,5,260,7283,1274,2468,177,551,619,845,617,2300,536,160,212,438,788,3344,.516,.321,.733,28.0,12.9,8.8,2.1,cartewe01
25,Troy Caupain,Dec 31 '18 ORL @ CHO,23,1,4,16,4,8,2,3,0,0,1,3,4,1,0,0,0,10,.500,.667,,4.0,2.5,0.8,1.0,caupatr01
26,Joe Chealey,Jan 30 '19 CHO @ BOS,23,2,5,41,1,10,0,4,2,2,0,0,2,4,0,2,3,4,.100,.000,1.000,8.2,0.8,0.0,0.4,chealjo01
27,Chris Chiozza,Mar 24 '19 HOU @ NOP,23,4,91,1038,112,317,59,172,20,25,22,117,217,42,11,81,90,303,.353,.343,.800,11.4,3.3,1.3,2.4,chiozch01
28,Gary Clark,Oct 17 '18 HOU vs. NOP,24,4,170,2240,177,504,139,427,31,37,117,431,84,52,62,44,148,524,.351,.326,.838,13.2,3.1,2.5,0.5,clarkga01
29,Bonzie Colson,Feb 25 '19 MIL @ CHI,23,1,8,98,13,39,5,21,8,9,8,30,3,5,1,3,3,39,.333,.238,.889,12.3,4.9,3.8,0.4,colsobo01
30,Mitch Creek,Jan 25 '19 BRK vs. NYK,26,1,5,48,8,16,0,2,5,7,6,12,6,2,0,1,3,21,.500,.000,.714,9.6,4.2,2.4,1.2,creekmi01
31,Tyler Davis,Nov 28 '18 OKC vs. CLE,21,1,1,1,0,1,0,0,0,0,1,1,0,0,0,0,0,0,.000,,,1.0,0.0,1.0,0.0,davisty01
32,Ángel Delgado,Feb 7 '19 LAC @ IND,24,1,2,15,1,5,0,0,1,2,2,4,0,1,0,0,2,3,.200,,.500,7.5,1.5,2.0,0.0,delgaan01
33,Marcus Derrickson,Nov 10 '18 GSW vs. BRK,22,1,11,67,16,33,10,20,4,5,8,13,1,0,1,3,9,46,.485,.500,.800,6.1,4.2,1.2,0.1,derrima01
34,Hamidou Diallo,Oct 16 '18 OKC @ GSW,20,5,263,4913,907,1832,76,277,380,610,267,1007,282,223,76,279,579,2270,.495,.274,.623,18.7,8.6,3.8,1.1,diallha01
35,Donte DiVincenzo,Oct 17 '18 MIL @ CHO,22,5,273,6645,888,2113,460,1272,251,323,283,1258,758,315,59,384,465,2487,.420,.362,.777,24.3,9.1,4.6,2.8,divindo01
36,Luka Dončić,Oct 17 '18 DAL @ PHO,19,5,330,11319,3094,6644,917,2713,1995,2701,328,2825,2631,368,144,1316,753,9100,.466,.338,.739,34.3,27.6,8.6,8.0,doncilu01
37,Trevon Duval,Feb 8 '19 MIL @ DAL,20,1,3,6,2,3,1,1,0,0,0,1,2,0,0,0,0,5,.667,1.000,,2.0,1.7,0.3,0.7,duvaltr01
38,Vince Edwards,Nov 15 '18 HOU vs. GSW,22,1,2,16,1,4,1,4,0,0,1,2,0,0,0,0,0,3,.250,.250,,8.0,1.5,1.0,0.0,edwarvi01
39,Drew Eubanks,Oct 20 '18 SAS @ POR,21,5,248,3969,609,1003,15,44,290,400,370,1160,252,96,213,222,427,1523,.607,.341,.725,16.0,6.1,4.7,1.0,eubandr01
40,Jacob Evans,Oct 22 '18 GSW vs. PHO,21,2,59,622,63,187,17,54,25,30,15,66,54,16,15,36,69,168,.337,.315,.833,10.5,2.8,1.1,0.9,evansja02
41,Melvin Frazier,Nov 2 '18 ORL vs. LAC,22,3,32,290,35,103,9,43,8,15,10,28,5,11,2,9,25,87,.340,.209,.533,9.1,2.7,0.9,0.2,frazime01
42,Billy Garrett,Apr 3 '19 NYK @ ORL,24,1,4,63,11,27,0,8,4,4,0,3,7,1,1,2,3,26,.407,.000,1.000,15.8,6.5,0.8,1.8,garrebi01
43,Harry Giles,Oct 17 '18 SAC vs. UTA,20,3,142,1835,356,696,8,31,112,167,140,543,174,61,53,137,323,832,.511,.258,.671,12.9,5.9,3.8,1.2,gilesha01
44,Shai Gilgeous-Alexander,Oct 17 '18 LAC vs. DEN,20,5,311,10140,2287,4729,356,1025,1626,1925,219,1417,1411,385,226,727,696,6556,.484,.347,.845,32.6,21.1,4.6,4.5,gilgesh01
45,Brandon Goodwin,Dec 18 '18 DEN vs. DAL,23,4,133,1609,230,590,79,251,89,122,34,211,251,54,5,104,130,628,.390,.315,.730,12.1,4.7,1.6,1.9,goodwbr01
46,Devonte' Graham,Oct 22 '18 CHO @ TOR,23,5,313,8046,1151,3094,742,2084,575,708,130,722,1399,249,51,453,414,3619,.372,.356,.812,25.7,11.6,2.3,4.5,grahade01
47,Donte Grantham,Feb 7 '19 OKC vs. MEM,23,1,3,2,0,2,0,2,0,0,0,0,0,0,0,0,0,0,.000,.000,,0.7,0.0,0.0,0.0,grantdo01
48,Dusty Hannahs,Mar 31 '19 MEM @ LAC,25,2,4,39,7,21,2,8,4,4,0,2,5,1,0,1,2,20,.333,.250,1.000,9.8,5.0,0.5,1.3,hannadu01
49,Isaiah Hartenstein,Oct 17 '18 HOU vs. NOP,20,5,247,3888,562,972,26,84,215,316,441,1186,350,138,204,223,581,1365,.578,.310,.680,15.7,5.5,4.8,1.4,harteis01
50,Haywood Highsmith,Jan 8 '19 PHI vs. WAS,22,3,78,1172,113,272,47,142,15,35,67,219,51,39,20,49,96,288,.415,.331,.429,15.0,3.7,2.8,0.7,highsha01
51,Aaron Holiday,Oct 17 '18 IND vs. MEM,22,5,308,5305,751,1819,272,721,269,320,91,508,677,201,63,297,456,2043,.413,.377,.841,17.2,6.6,1.6,2.2,holidaa01
52,Kevin Huerter,Oct 17 '18 ATL @ NYK,20,5,349,10325,1608,3624,768,1994,281,367,207,1209,1092,333,120,463,825,4265,.444,.385,.766,29.6,12.2,3.5,3.1,huertke01
53,Isaac Humphries,Apr 2 '19 ATL @ SAS,21,1,5,56,6,21,3,11,0,0,4,11,0,1,0,0,7,15,.286,.273,,11.2,3.0,2.2,0.0,humphis01
54,Chandler Hutchison,Oct 18 '18 CHI @ PHI,22,4,103,1790,216,489,34,110,92,143,55,376,79,62,18,76,140,558,.442,.309,.643,17.4,5.4,3.7,0.8,hutchch01
55,Frank Jackson,Oct 17 '18 NOP @ HOU,20,5,214,3873,656,1557,247,743,257,327,82,392,222,84,16,169,311,1816,.421,.332,.786,18.1,8.5,1.8,1.0,jacksfr01
56,Jaren Jackson Jr.,Oct 17 '18 MEM @ IND,19,5,267,7308,1550,3325,441,1253,850,1076,372,1476,300,242,558,449,993,4391,.466,.352,.790,27.4,16.4,5.5,1.1,jacksja02
57,Amile Jefferson,Dec 31 '18 ORL @ CHO,25,2,30,142,15,30,0,0,12,22,16,44,7,4,6,4,15,42,.500,,.545,4.7,1.4,1.5,0.2,jeffeam01
58,Alize Johnson,Oct 19 '18 IND @ MIL,22,5,76,568,76,158,5,22,32,45,77,228,32,15,10,32,56,189,.481,.227,.711,7.5,2.5,3.0,0.4,johnsal02
59,B.J. Johnson,Mar 3 '19 ATL @ CHI,23,3,21,197,29,75,10,26,11,12,11,38,3,5,1,8,11,79,.387,.385,.917,9.4,3.8,1.8,0.1,johnsbj01
60,Jemerrio Jones,Mar 31 '19 LAL @ NOP,23,2,8,158,14,36,2,10,1,2,18,52,13,8,5,5,12,31,.389,.200,.500,19.8,3.9,6.5,1.6,jonesje01
61,George King,Dec 11 '18 PHO @ SAS,25,2,5,25,0,5,0,4,1,2,0,6,0,0,0,1,4,1,.000,.000,.500,5.0,0.2,1.2,0.0,kingge03
62,Kevin Knox,Oct 17 '18 NYK vs. ATL,19,5,275,4962,721,1875,305,892,306,429,147,801,205,106,72,233,432,2053,.385,.342,.713,18.0,7.5,2.9,0.7,knoxke01
63,Rodions Kurucs,Oct 17 '18 BRK @ DET,20,3,131,2103,292,658,97,295,99,134,86,406,113,75,34,136,252,780,.444,.329,.739,16.1,6.0,3.1,0.9,kurucro01
64,Zach Lofton,Oct 17 '18 DET vs. BRK,26,1,1,4,0,1,0,1,0,0,0,0,0,1,0,1,0,0,.000,.000,,4.0,0.0,0.0,0.0,loftoza01
65,Jordan Loyd,Oct 29 '18 TOR @ MIL,25,1,12,55,8,18,4,8,9,11,1,9,6,0,0,2,5,29,.444,.500,.818,4.6,2.4,0.8,0.5,loydjo01
66,Daryl Macon,Oct 26 '18 DAL @ TOR,23,2,12,104,11,30,6,13,4,7,2,12,8,1,0,8,9,32,.367,.462,.571,8.7,2.7,1.0,0.7,maconda01
67,J.P. Macura,Jan 2 '19 CHO vs. DAL,23,2,3,18,3,9,0,4,0,0,0,3,2,0,0,0,0,6,.333,.000,,6.0,2.0,1.0,0.7,macurjp01
68,Yante Maten,Apr 9 '19 MIA vs. PHI,22,1,2,13,1,4,0,1,0,0,1,3,0,1,0,0,0,2,.250,.000,,6.5,1.0,1.5,0.0,matenya01
69,Tahjere McCall,Feb 27 '19 BRK vs. WAS,24,1,1,8,2,3,0,1,0,1,0,1,0,0,0,0,2,4,.667,.000,.000,8.0,4.0,1.0,0.0,mccalta01
70,De'Anthony Melton,Oct 22 '18 PHO @ GSW,20,5,312,7003,991,2396,452,1221,314,407,231,1155,857,435,154,439,626,2748,.414,.370,.771,22.4,8.8,3.7,2.7,meltode01
71,Chimezie Metu,Oct 20 '18 SAS @ POR,21,5,209,2706,466,947,79,265,179,237,133,714,151,96,79,147,254,1190,.492,.298,.755,12.9,5.7,3.4,0.7,metuch01
72,Shake Milton,Nov 30 '18 PHI vs. WAS,22,5,254,5280,882,1937,242,663,362,437,126,604,694,120,63,294,473,2368,.455,.365,.828,20.8,9.3,2.4,2.7,miltosh01
73,Džanan Musa,Oct 20 '18 BRK @ IND,19,2,49,526,73,194,20,88,45,62,22,91,45,17,1,40,31,211,.376,.227,.726,10.7,4.3,1.9,0.9,musadz01
74,Svi Mykhailiuk,Oct 22 '18 LAL vs. SAS,21,5,252,4213,588,1458,332,921,165,216,85,448,351,147,25,226,252,1673,.403,.360,.764,16.7,6.6,1.8,1.4,mykhasv01
75,Elie Okobo,Oct 17 '18 PHO vs. DAL,21,2,108,1677,186,471,64,203,87,118,28,188,242,56,11,107,163,523,.395,.315,.737,15.5,4.8,1.7,2.2,okoboel01
76,Josh Okogie,Oct 20 '18 MIN @ DAL,20,5,316,6367,672,1678,210,721,527,704,329,963,383,292,133,279,595,2081,.400,.291,.749,20.1,6.6,3.0,1.2,okogijo01
77,Theo Pinson,Oct 20 '18 BRK @ IND,23,5,127,1081,116,363,59,226,55,61,26,179,141,34,7,69,100,346,.320,.261,.902,8.5,2.7,1.4,1.1,pinsoth01
78,Cameron Reynolds,Mar 3 '19 MIN @ WAS,23,2,24,299,39,96,24,63,8,9,6,36,15,6,2,5,28,110,.406,.381,.889,12.5,4.6,1.5,0.6,reynoca01
79,Duncan Robinson,Oct 24 '18 MIA vs. NYK,24,5,281,7323,1034,2413,825,2070,213,246,51,773,409,139,53,243,663,3106,.429,.399,.866,26.1,11.1,2.8,1.5,robindu01
80,Jerome Robinson,Oct 26 '18 LAC @ HOU,21,3,113,1604,187,515,78,252,62,86,20,208,131,51,26,81,189,514,.363,.310,.721,14.2,4.5,1.8,1.2,robinje01
81,Mitchell Robinson,Oct 17 '18 NYK vs. ATL,20,5,289,7064,1019,1431,0,0,338,639,1038,2275,181,253,567,199,852,2376,.712,,.529,24.4,8.2,7.9,0.6,robinmi01
82,Brandon Sampson,Jan 30 '19 CHI @ MIA,21,1,14,214,28,60,11,29,4,6,3,16,10,8,3,12,19,71,.467,.379,.667,15.3,5.1,1.1,0.7,sampsbr01
83,Collin Sexton,Oct 17 '18 CLE @ TOR,20,5,266,8324,1862,4016,373,982,944,1143,226,768,858,208,29,626,622,5041,.464,.380,.826,31.3,19.0,2.9,3.2,sextoco01
84,Landry Shamet,Oct 16 '18 PHI @ BOS,21,5,302,6901,888,2189,605,1558,319,379,65,539,516,142,44,212,543,2700,.406,.388,.842,22.9,8.9,1.8,1.7,shamela01
85,Jordan Sibert,Feb 27 '19 ATL vs. MIN,26,1,1,4,1,1,1,1,0,0,0,0,0,0,0,0,0,3,1.000,1.000,,4.0,3.0,0.0,0.0,siberjo01
86,Anfernee Simons,Oct 30 '18 POR @ HOU,19,5,273,6546,1230,2842,596,1541,394,460,86,617,673,117,38,358,492,3450,.433,.387,.857,24.0,12.6,2.3,2.5,simonan01
87,Zhaire Smith,Mar 25 '19 PHI @ ORL,19,2,13,143,17,45,6,19,8,12,3,15,12,5,2,8,12,48,.378,.316,.667,11.0,3.7,1.2,0.9,smithzh01
88,Ray Spalding,Oct 17 '18 DAL @ PHO,21,2,16,167,27,51,0,4,4,14,17,52,5,9,10,12,26,58,.529,.000,.286,10.4,3.6,3.3,0.3,spaldra01
89,Omari Spellman,Oct 17 '18 ATL @ NYK,21,2,95,1691,225,539,87,238,105,137,149,413,94,59,49,85,130,642,.417,.366,.766,17.8,6.8,4.3,1.0,spellom01
90,Jared Terrell,Nov 4 '18 MIN @ POR,23,1,14,111,12,39,4,17,3,6,1,6,12,3,2,10,16,31,.308,.235,.500,7.9,2.2,0.4,0.9,terreja01
91,Emanuel Terry,Jan 27 '19 PHO @ LAL,22,2,6,41,4,12,0,0,2,4,11,22,4,4,0,7,8,10,.333,,.500,6.8,1.7,3.7,0.7,terryem01
92,Khyri Thomas,Nov 9 '18 DET @ ATL,22,3,39,409,59,152,24,76,18,24,12,39,36,19,11,13,39,160,.388,.316,.750,10.5,4.1,1.0,0.9,thomakh01
93,Gary Trent Jr.,Nov 4 '18 POR vs. MIN,20,5,270,7811,1387,3297,657,1713,469,567,109,627,393,331,61,196,432,3900,.421,.384,.827,28.9,14.4,2.3,1.5,trentga02
94,Allonzo Trier,Oct 17 '18 NYK vs. ATL,23,2,88,1750,283,624,71,185,213,266,37,226,147,31,18,138,146,850,.454,.384,.801,19.9,9.7,2.6,1.7,trieral01
95,Jarred Vanderbilt,Jan 25 '19 DEN vs. PHO,19,5,244,5013,616,1075,32,111,247,384,513,1606,359,255,115,238,508,1511,.573,.288,.643,20.5,6.2,6.6,1.5,vandeja01
96,Moritz Wagner,Nov 17 '18 LAL @ ORL,21,5,253,4072,715,1458,195,612,449,546,211,941,301,122,76,272,576,2074,.490,.319,.822,16.1,8.2,3.7,1.2,wagnemo01
97,Lonnie Walker IV,Jan 3 '19 SAS vs. TOR,20,5,264,5537,971,2303,348,998,316,395,69,601,394,142,68,230,355,2606,.422,.349,.800,21.0,9.9,2.3,1.5,walkelo01
98,Brad Wanamaker,Oct 16 '18 BOS vs. PHI,29,4,191,3085,355,843,73,243,263,290,49,329,464,123,33,189,306,1046,.421,.300,.907,16.2,5.5,1.7,2.4,wanambr01
99,Julian Washburn,Jan 21 '19 MEM vs. NOP,27,1,18,254,16,48,5,24,3,4,8,41,14,13,2,7,16,40,.333,.208,.750,14.1,2.2,2.3,0.8,washbju01
100,Yuta Watanabe,Oct 27 '18 MEM vs. PHO,24,5,179,2375,279,635,128,328,92,134,95,443,122,71,54,68,195,778,.439,.390,.687,13.3,4.3,2.5,0.7,watanyu01
101,Thomas Welsh,Oct 17 '18 DEN @ LAC,22,1,11,36,7,13,3,7,1,2,0,4,5,0,0,1,3,18,.538,.429,.500,3.3,1.6,0.4,0.5,welshth01
102,Johnathan Williams,Oct 22 '18 LAL vs. SAS,23,2,39,552,84,144,0,4,34,61,72,163,21,9,15,21,78,202,.583,.000,.557,14.2,5.2,4.2,0.5,willijo04
103,Kenrich Williams,Oct 17 '18 NOP @ HOU,24,5,253,5615,702,1500,220,625,105,202,362,1159,505,216,81,212,519,1729,.468,.352,.520,22.2,6.8,4.6,2.0,willike04
104,Robert Williams,Oct 22 '18 BOS vs. ORL,21,5,209,4284,684,935,0,4,166,253,542,1447,299,152,348,180,397,1534,.732,.000,.656,20.5,7.3,6.9,1.4,williro04
105,Trae Young,Oct 17 '18 ATL @ NYK,20,5,353,11941,2866,6551,884,2517,2374,2711,240,1302,3285,342,51,1461,587,8990,.437,.351,.876,33.8,25.5,3.7,9.3,youngtr01
